[array([[-0.79551894, -0.07296136, -0.22016025,  0.27233789, -0.41477168,
         0.79175254,  0.61169042,  0.44683223,  0.51486657, -0.5187814 ,
        -0.10477991, -0.44462154, -0.85402438,  0.2861058 , -0.52203616,
         0.63198781],
       [ 0.56302554,  0.60478934,  0.85004931,  0.61960654,  0.93231554,
         0.17188105, -0.95129298, -0.94596809, -0.95295961,  0.68091939,
         0.15469753, -0.45626722,  0.0578835 ,  0.21607271, -0.90656249,
         0.93870932],
       [-0.76569164,  0.04052139, -0.71926597, -0.10755074, -0.15708236,
         0.8718905 ,  0.41095411,  0.05187637,  0.09877545,  0.43962405,
         0.33290311, -0.79956371, -0.20258179,  0.26898167,  0.40955937,
        -0.35594316],
       [ 0.66210409, -0.33511687,  0.32962295, -0.48983579, -0.59126172,
        -0.92213395, -0.98393058,  0.61134607, -0.54394756, -0.63243016,
         0.43851941,  0.09558786, -0.45616049, -0.82598918, -0.50442164,
         0.26650311],
       [-0.79570743,  0.97287866,  0.52826595, -0.7043202 ,  0.20100707,
        -0.38722357, -0.97974914, -0.85734545,  0.74851238,  0.768405  ,
         0.77528113, -0.21698561, -0.92802491, -0.67698523, -0.24852306,
        -0.64939677],
       [ 0.92602108,  0.22055617,  0.05376511, -0.28214034, -0.99625257,
        -0.96578457, -0.93313608, -0.58917038, -0.94058646,  0.53580395,
         0.86411458,  0.90242353, -0.71370392, -0.97749688, -0.73108205,
        -0.5773777 ],
       [ 0.82044259, -0.02727938,  0.4798114 , -0.31728103,  0.06821395,
        -0.68805164, -0.41899775, -0.30329044,  0.30691011,  0.96646024,
        -0.18473465,  0.09869311, -0.96835061,  0.53908649,  0.23884988,
         0.38177696],
       [ 0.39931754, -0.65767946,  0.35040524, -0.33846055, -0.08113881,
        -0.32845399, -0.35770801,  0.5538346 , -0.57625948, -0.47191862,
        -0.05064533,  0.51871717, -0.13726657, -0.53846106,  0.34538805,
        -0.23653219],
       [-0.48391667,  0.20532522, -0.85055546, -0.91346635, -0.82406873,
        -0.55673593,  0.93410849, -0.67635476,  0.05901506,  0.56070207,
         0.41072188, -0.44479568,  0.33663956, -0.59687513, -0.45629331,
        -0.55758117]]), array([[-0.19271408,  0.76804231, -0.92131668, -0.55529917, -0.11094395,
        -0.62160672, -0.68862534,  0.69724339,  0.73665158],
       [ 0.14668248,  0.02412131,  0.50192446, -0.93067351, -0.85445311,
        -0.66818159, -0.53272046, -0.80157756, -0.4870709 ]])]
 
[array([[-0.79551894, -0.07296136, -0.22016025,  0.27233789, -0.41477168,
         0.79175254,  0.61169042,  0.44683223,  0.51486657, -0.5187814 ,
        -0.10477991, -0.44462154, -0.85402438,  0.2861058 , -0.52203616,
         0.63198781],
       [ 0.56302554,  0.60478934,  0.85004931,  0.61960654,  0.93231554,
         0.17188105, -0.95129298, -0.94596809, -0.95295961,  0.68091939,
         0.15469753, -0.45626722,  0.0578835 ,  0.21607271, -0.90656249,
         0.93870932],
       [-0.76569164,  0.04052139, -0.71926597, -0.10755074, -0.15708236,
         0.8718905 ,  0.41095411,  0.05187637,  0.09877545,  0.43962405,
         0.33290311, -0.79956371, -0.20258179,  0.26898167,  0.40955937,
        -0.35594316],
       [ 0.66210409, -0.33511687,  0.32962295, -0.48983579, -0.59126172,
        -0.92213395, -0.98393058,  0.61134607, -0.54394756, -0.63243016,
         0.43851941,  0.09558786, -0.45616049, -0.82598918, -0.50442164,
         0.26650311],
       [-0.79570743,  0.97287866,  0.52826595, -0.7043202 ,  0.20100707,
        -0.38722357, -0.97974914, -0.85734545,  0.74851238,  0.768405  ,
         0.77528113, -0.21698561, -0.92802491, -0.67698523, -0.24852306,
        -0.64939677],
       [ 0.92602108,  0.22055617,  0.05376511, -0.28214034, -0.99625257,
        -0.96578457, -0.93313608, -0.58917038, -0.94058646,  0.53580395,
         0.86411458,  0.90242353, -0.71370392, -0.97749688, -0.73108205,
        -0.5773777 ],
       [ 0.82044259, -0.02727938,  0.4798114 , -0.31728103,  0.06821395,
        -0.68805164, -0.41899775, -0.30329044,  0.30691011,  0.96646024,
        -0.18473465,  0.09869311, -0.96835061,  0.53908649,  0.23884988,
         0.38177696],
       [ 0.39931754, -0.65767946,  0.35040524, -0.33846055, -0.08113881,
        -0.32845399, -0.35770801,  0.5538346 , -0.57625948, -0.47191862,
        -0.05064533,  0.51871717, -0.13726657, -0.53846106,  0.34538805,
        -0.23653219],
       [-0.48391667,  0.20532522, -0.85055546, -0.91346635, -0.82406873,
        -0.55673593,  0.93410849, -0.67635476,  0.05901506,  0.56070207,
         0.41072188, -0.44479568,  0.33663956, -0.59687513, -0.45629331,
        -0.55758117]]), array([[-0.19271408,  0.76804231, -0.92131668, -0.55529917, -0.11094395,
        -0.62160672, -0.68862534,  0.69724339,  0.73665158],
       [ 0.14668248,  0.02412131,  0.50192446, -0.93067351, -0.85445311,
        -0.66818159, -0.53272046, -0.80157756, -0.4870709 ]])] 