
5172 
[array([[ 0.73784329,  0.81803966, -0.2252271 , -0.85547594,  0.48678258,
        -0.41123996, -0.31654654, -0.57083245, -0.94675932, -0.90275705,
         0.33696859, -0.44791204, -0.29777442,  0.7939486 , -0.61140264,
         0.67270044],
       [ 0.84071973, -0.5428591 , -0.23878711,  0.14106067,  0.02558764,
        -0.39454269, -0.12947264,  0.22643069,  0.74322913,  0.80644279,
        -0.65346063, -0.92400567, -0.05290039,  0.24579657,  0.68228234,
         0.77017842],
       [-0.48149181,  0.50279723,  0.87727588,  0.53864958,  0.50694428,
         0.97103545,  0.06855383,  0.69676422, -0.43764493, -0.48037859,
        -0.56789947, -0.68902279,  0.97030555, -0.48805211, -0.75289986,
         0.75167953],
       [ 0.63865691,  0.35387372,  0.6819594 ,  0.19428895,  0.424364  ,
         0.43532939, -0.39930235, -0.66750222,  0.98670723,  0.14864293,
        -0.043174  , -0.1498834 , -0.30169497, -0.98105024,  0.41414123,
         0.57736118],
       [ 0.21809186,  0.26383002,  0.00600451, -0.23812598,  0.95456715,
         0.09961885,  0.84431238, -0.50131232, -0.90100701,  0.5177262 ,
        -0.99935427,  0.03720339, -0.12229328, -0.14523563, -0.61565906,
         0.28588848],
       [-0.12231343, -0.8604732 ,  0.93817207, -0.68716057,  0.70751952,
        -0.03524647,  0.23610235, -0.70900153,  0.80389491, -0.02047834,
        -0.69329018,  0.41854533, -0.30905981, -0.50701904, -0.45507722,
         0.95673959],
       [ 0.42039913,  0.98141606,  0.95075912, -0.5971492 ,  0.80331992,
        -0.45108738, -0.14898779, -0.12493805, -0.12224679,  0.98509765,
         0.12706272, -0.84545383, -0.88358163,  0.63280471,  0.15250126,
        -0.84424216],
       [-0.26298625, -0.97882054,  0.48543808,  0.41008537, -0.66264442,
        -0.55616032,  0.04900696, -0.61589905,  0.38702552, -0.67307823,
         0.38879551,  0.10940063, -0.926084  , -0.32794065,  0.42747689,
         0.49126344],
       [ 0.40977563, -0.45285615,  0.70050167,  0.34337166, -0.13680745,
         0.32965294,  0.79842432, -0.93763378, -0.48344337, -0.06834087,
         0.37032757, -0.49050453,  0.56199396, -0.2297227 , -0.68826241,
        -0.7265857 ]]), array([[ 0.07971571, -0.00705594,  0.85374668,  0.99230838,  0.94754328,
         0.49908751, -0.15982721, -0.01510091,  0.32594924],
       [ 0.9663555 ,  0.59023549,  0.70738404,  0.41921045, -0.51177468,
        -0.67545081, -0.54015399, -0.07813619, -0.31608733]])] 

5178 
[array([[ 0.73784329,  0.89586028, -0.2252271 ,  0.47376577,  0.48678258,
        -0.41123996,  0.15585349, -0.57083245, -0.94675932, -0.90275705,
         0.33696859,  0.59942997,  0.38278696,  0.7939486 ,  0.43436771,
         0.67270044],
       [ 0.84071973, -0.5428591 , -0.23878711,  0.14106067,  0.59577454,
        -0.39454269, -0.14279186,  0.22643069,  0.74322913,  0.80644279,
        -0.65346063, -0.92400567, -0.05290039,  0.24579657,  0.68228234,
         0.77017842],
       [-0.48149181,  0.50279723,  0.89076051,  0.53864958, -0.63632514,
         0.99716522,  0.06855383,  0.69676422, -0.43764493, -0.48037859,
        -0.56789947, -0.68902279,  0.12747489, -0.48805211,  0.4566559 ,
         0.75167953],
       [-0.74588593,  0.35387372,  0.6819594 ,  0.19428895,  0.61120178,
        -0.04110866, -0.39930235, -0.66750222,  0.98670723,  0.14864293,
        -0.043174  , -0.20811955, -0.30169497, -0.98105024,  0.41414123,
         0.56997386],
       [ 0.21809186,  0.26383002,  0.99602882, -0.23812598,  0.95456715,
         0.09961885,  0.84431238, -0.55132272, -0.90100701,  0.04757514,
        -0.99935427,  0.91597831, -0.12229328, -0.14523563, -0.61565906,
         0.28588848],
       [-0.12231343, -0.8604732 ,  0.93817207, -0.92237952, -0.3066496 ,
         0.33181787,  0.67909434, -0.70900153, -0.78107579, -0.02047834,
        -0.93874074, -0.82042956, -0.30905981, -0.28097991, -0.45507722,
         0.95673959],
       [ 0.42039913,  0.98141606,  0.95075912, -0.56864699, -0.4470622 ,
         0.50940464, -0.7108345 , -0.79179741,  0.17129369,  0.98509765,
         0.12706272, -0.84545383, -0.88358163,  0.84756141,  0.15250126,
         0.75456084],
       [-0.26298625, -0.97882054, -0.66605394, -0.88909652, -0.66264442,
         0.02857622,  0.04900696, -0.61589905,  0.65243046, -0.67307823,
         0.38879551, -0.56282981, -0.926084  , -0.32794065,  0.42747689,
         0.49126344],
       [ 0.40977563, -0.99891157,  0.70050167,  0.6685627 , -0.13680745,
         0.32965294,  0.79842432, -0.8126812 , -0.68209158, -0.06834087,
         0.27862157, -0.49050453,  0.56199396, -0.2297227 , -0.68826241,
        -0.7265857 ]]), array([[ 0.07971571, -0.00705594,  0.85374668,  0.99230838,  0.89236727,
         0.49908751, -0.15982721, -0.01510091,  0.32594924],
       [ 0.9663555 ,  0.59023549,  0.70738404,  0.41921045, -0.40851475,
        -0.67545081,  0.86446943, -0.9470334 , -0.31608733]])] 

