822 
 [array([[ 0.10885469,  0.15400424,  0.25595301,  0.83404454,  0.90279328,
        -0.6815125 , -0.54384652,  0.86905535, -0.07429524, -0.65683711,
        -0.78721403,  0.37539749,  0.48143515, -0.23042411, -0.00579936,
         0.89564476],
       [ 0.32982733, -0.90724194, -0.27641189,  0.85673777,  0.60693833,
         0.77759415, -0.98783283, -0.7265934 , -0.24131165,  0.88354212,
         0.0364797 , -0.86390146, -0.71829684,  0.60900465,  0.08660244,
         0.24615261],
       [ 0.17202419, -0.56339204,  0.7871689 ,  0.75805351,  0.02690402,
         0.15107904,  0.71414069, -0.9977553 , -0.96922509,  0.26515987,
         0.54175982, -0.76002191,  0.82301076, -0.50020698, -0.07758031,
        -0.92305095],
       [ 0.31221811, -0.61179474,  0.21891607, -0.22402175, -0.73009051,
         0.5674336 , -0.3312078 ,  0.14886423, -0.86510762,  0.55820908,
         0.82960291,  0.59745575, -0.85058717,  0.58101702, -0.71142562,
        -0.99197502],
       [-0.11720272,  0.87245801,  0.05667093, -0.57517138, -0.58016872,
        -0.50238943, -0.61405261, -0.78612468,  0.66066349,  0.1584146 ,
         0.56303667, -0.6890247 , -0.26867411, -0.30671061,  0.30692103,
        -0.5081504 ],
       [ 0.31050006,  0.3149605 , -0.88081732,  0.44517493,  0.42751373,
         0.22123413, -0.79504875,  0.13965008,  0.95524651, -0.00721011,
         0.52478997, -0.86220007,  0.85723599, -0.98656105, -0.71210258,
        -0.57075791],
       [ 0.98078177,  0.45516575,  0.83884896,  0.54503605,  0.54335863,
         0.89871781,  0.2198206 , -0.2505517 ,  0.61299951, -0.03748304,
         0.36554425, -0.79805833, -0.87182947,  0.72614119, -0.32731837,
         0.26226768],
       [-0.63620802, -0.65395332,  0.32416636, -0.76354751, -0.04899697,
        -0.72794525,  0.97375394,  0.41920705,  0.22765522,  0.43194212,
         0.35136275,  0.99569702,  0.04901578, -0.72418799,  0.18578789,
        -0.73106242],
       [ 0.24419956,  0.10915151,  0.32712755, -0.4534895 , -0.57592074,
        -0.53221211, -0.68311398,  0.06070614,  0.97895447, -0.58869896,
        -0.16519092,  0.00110212,  0.80867958, -0.25992405,  0.19066212,
         0.55603031]]), array([[ 0.98872785, -0.12344959,  0.25751036, -0.46990975, -0.46970322,
        -0.95759019,  0.38736028, -0.62551083, -0.66659566],
       [ 0.90814168,  0.57185298,  0.25030055,  0.55619241,  0.19717753,
        -0.33014838,  0.94992282,  0.94929061, -0.10292236]])] 

846 
 [array([[ 0.10885469,  0.15400424,  0.57942107,  0.83404454,  0.90279328,
         0.68286432,  0.95045507,  0.86905535, -0.07429524, -0.65683711,
        -0.78721403, -0.79097657,  0.48143515, -0.23042411, -0.00579936,
         0.82019744],
       [ 0.32982733, -0.23470325, -0.27641189, -0.49807759,  0.60693833,
        -0.96803419, -0.7069097 , -0.7265934 , -0.0197519 ,  0.88354212,
        -0.17707372, -0.86390146, -0.71829684, -0.34213756, -0.18940235,
        -0.53830143],
       [ 0.17202419, -0.56339204,  0.7871689 ,  0.2720033 ,  0.02690402,
         0.15107904, -0.68703604, -0.9977553 ,  0.26749783,  0.26515987,
         0.54175982, -0.76002191,  0.82301076,  0.27013314,  0.68582263,
        -0.92305095],
       [ 0.31221811, -0.61179474,  0.15081631, -0.22402175,  0.22088166,
         0.03336951, -0.3312078 , -0.7240494 ,  0.29282614,  0.55820908,
         0.82960291,  0.59745575, -0.870157  ,  0.58101702, -0.71142562,
        -0.99197502],
       [-0.11720272, -0.35822477,  0.05667093, -0.61925518, -0.58016872,
        -0.39827567,  0.11783377,  0.47205073,  0.66066349,  0.1584146 ,
         0.65555146, -0.6890247 , -0.26867411, -0.30671061,  0.81419028,
        -0.86332863],
       [-0.25956779,  0.3149605 , -0.88081732,  0.44517493,  0.42751373,
         0.22123413, -0.16275143,  0.13965008,  0.95524651, -0.87047935,
         0.44162586, -0.3070691 ,  0.85723599, -0.98656105, -0.71210258,
        -0.43854759],
       [ 0.13480286,  0.45516575,  0.83884896,  0.54503605,  0.54335863,
         0.89871781,  0.53329916, -0.2505517 ,  0.61299951,  0.03743266,
        -0.15957424, -0.79805833, -0.01802237,  0.72614119, -0.32731837,
         0.60984461],
       [-0.63620802, -0.65395332,  0.53515455,  0.00173971, -0.04899697,
        -0.04500793,  0.97375394,  0.41920705,  0.22765522,  0.43194212,
         0.35136275, -0.31764355,  0.04901578, -0.72418799,  0.99035647,
        -0.24440487],
       [ 0.05477352,  0.10915151, -0.9871746 , -0.4534895 , -0.57592074,
         0.41247528, -0.68311398,  0.06070614,  0.3423387 , -0.58869896,
        -0.16519092,  0.67820322,  0.80867958, -0.25992405,  0.19066212,
         0.55603031]]), array([[ 0.98872785, -0.12344959,  0.25751036, -0.82967141, -0.00901216,
        -0.95759019,  0.38736028, -0.62551083, -0.66659566],
       [ 0.21278465,  0.00580984,  0.25030055,  0.55619241,  0.70793239,
        -0.72830525,  0.94992282,  0.94929061,  0.50649468]])]