1294 
 [array([[ 0.06282964, -0.87595546,  0.10539545,  0.52413858, -0.02970186,
         0.40814884,  0.09062355,  0.7714819 ,  0.77577864,  0.47485101,
         0.69644014,  0.26890035, -0.36892465, -0.67449576,  0.19480924,
         0.9078742 ],
       [ 0.67548158,  0.60566897,  0.7936498 ,  0.1425384 , -0.04199973,
         0.09214641, -0.32631133,  0.59278422, -0.26814368,  0.30918009,
        -0.76468278, -0.16425053, -0.85160635,  0.30933618, -0.81618646,
        -0.48487078],
       [-0.05860264, -0.19702148,  0.88098941, -0.32412742, -0.30697194,
         0.47280822, -0.33718167, -0.27815401, -0.87765656, -0.63456728,
         0.91678123, -0.06593497,  0.18883211,  0.90472199,  0.56883674,
         0.39530716],
       [ 0.33062503, -0.4514937 , -0.12866637,  0.20111713, -0.72052456,
         0.4920938 , -0.3170066 , -0.00558085,  0.70186142, -0.0833271 ,
         0.08731734, -0.84068493,  0.20283523, -0.08405116, -0.4158666 ,
         0.97048071],
       [-0.32546751,  0.7275298 ,  0.56860835,  0.86658286, -0.76846871,
        -0.70092129,  0.78445706,  0.18041085, -0.55134614, -0.97621444,
         0.32652271, -0.81512792,  0.49625385, -0.83001881,  0.8117724 ,
        -0.14737982],
       [-0.40380099,  0.86813768, -0.44429968,  0.6650118 ,  0.26078942,
         0.9028127 , -0.78922511,  0.55436679, -0.4033971 , -0.88051739,
        -0.21841667, -0.68878599,  0.68572049, -0.22124692,  0.28862533,
        -0.73089559],
       [ 0.26151319, -0.49772615, -0.3315851 , -0.83062071,  0.49039249,
        -0.33001841,  0.88174296,  0.33629197,  0.58429576,  0.90481878,
         0.57349718,  0.36957031,  0.70196535,  0.59578215, -0.89244758,
         0.38032873],
       [-0.34439806, -0.96247338,  0.27817858, -0.47488723,  0.43871964,
        -0.73840528,  0.18393485,  0.62689984,  0.55145953,  0.80165667,
        -0.62373537,  0.26577348,  0.3731002 ,  0.27486348,  0.23963764,
        -0.18803224],
       [-0.91745465, -0.60055288, -0.2965644 ,  0.08676062, -0.20717216,
         0.25323187, -0.63332951,  0.35844869,  0.03386087, -0.14667226,
         0.42792412, -0.76667123,  0.85061719, -0.50080487, -0.77845588,
         0.52329946]]), array([[-0.56823604,  0.85034526,  0.56398332, -0.38377237,  0.24669676,
         0.16253277, -0.61434956,  0.12517369,  0.07205526],
       [ 0.24352297,  0.72770181,  0.55032973,  0.45485727,  0.3129055 ,
        -0.56660221,  0.59471569,  0.84664949,  0.83241207]])] 

1355 
 [array([[-0.62275591, -0.87595546,  0.10539545,  0.52413858, -0.75911616,
        -0.72540802,  0.09062355,  0.7714819 ,  0.77577864,  0.47485101,
         0.69644014,  0.0633622 , -0.67774226,  0.9674819 ,  0.19480924,
         0.9078742 ],
       [-0.6699129 , -0.02897885,  0.7936498 ,  0.1425384 , -0.04199973,
        -0.81288719, -0.32631133,  0.7714281 , -0.26814368, -0.74363371,
         0.13582899, -0.40946968, -0.85160635,  0.30933618, -0.81618646,
        -0.48487078],
       [ 0.73975474,  0.93464839,  0.88098941, -0.32412742,  0.3887993 ,
        -0.595788  , -0.33718167,  0.78895393,  0.92693436, -0.63456728,
         0.91678123, -0.01207027, -0.64282793,  0.90472199, -0.72341026,
         0.39530716],
       [ 0.33062503, -0.61946844, -0.12866637,  0.20111713, -0.72052456,
         0.4920938 , -0.3170066 , -0.00558085,  0.70186142, -0.0833271 ,
        -0.63207504, -0.84068493,  0.20283523, -0.08405116, -0.4158666 ,
        -0.79976772],
       [-0.32546751, -0.35151829,  0.58057115,  0.26159809, -0.76846871,
        -0.41057778, -0.84617785, -0.17623055,  0.63921802,  0.72029912,
        -0.15350114,  0.31038512, -0.34202122,  0.23148983,  0.8117724 ,
        -0.14737982],
       [ 0.47553505,  0.26256675, -0.44429968,  0.6650118 , -0.80473651,
         0.9028127 ,  0.72646717, -0.86792051, -0.4033971 , -0.92452737,
         0.42910523, -0.31774429,  0.2634553 , -0.22124692,  0.4462161 ,
        -0.73089559],
       [ 0.17688866, -0.49772615, -0.3315851 , -0.83062071,  0.49039249,
        -0.03206969,  0.88174296,  0.44692943,  0.5024655 , -0.74492646,
         0.92223227,  0.36957031,  0.70196535,  0.34762585, -0.89244758,
         0.38032873],
       [ 0.71727083, -0.96247338, -0.77728489,  0.99258017,  0.43871964,
        -0.72693983, -0.06183485,  0.05092932, -0.24894995,  0.80165667,
         0.91827506,  0.26577348, -0.17318958,  0.27486348,  0.23963764,
        -0.18803224],
       [-0.90894709, -0.60055288, -0.2965644 ,  0.8036218 , -0.49811099,
        -0.54888578, -0.63332951, -0.25968663,  0.14256053, -0.14667226,
        -0.62566815, -0.76667123,  0.47741222,  0.26706161,  0.24180376,
         0.64268501]]), array([[-0.56823604,  0.85034526,  0.61707887, -0.38377237,  0.24669676,
         0.16253277, -0.61434956,  0.12517369,  0.07205526],
       [ 0.41374864,  0.72770181,  0.55032973,  0.45485727,  0.3129055 ,
        -0.56660221,  0.28291468,  0.84664949,  0.71025005]])]